# id	left	top	right	bottom	texture_id
[SPRITES]
#Point text
220010	457	223	468	230	20
220020	457	232	468	239	20
220030	457	241	468	248	20
220040	457	250	468	257	20

220050	470	223	485	230	20
220060	470	232	485	239	20
220070	470	241	485	248	20
220080	470	250	485	257	20

220090	519	67	534	82	20
220091	282	325	297	340	20

#BRICK CRUMB
220100	494	120	501	127	20

#1UP
220110	596	175	616	187	20

220120	527	20	542	35	20
220121	544	20	559	35	20
220122	559	20	574	35	20

# ani_id	sprite1_id	time1	sprite2_id	time2	...
[ANIMATIONS]
22210	220010	300
22220	220020	300
22230	220030	300
22240	220040	300
22250	220050	300
22260	220060	300
22270	220070	300
22280	220080	300
22290	220090	100	220091	120
22300	220100	300
22310	220110	300
22320	220122	100	220120	100	220121	100	220122	100